function [pump_info_datasheet, pump_info_ann_prediction, pump_info_test] = get_pump_data()

    %% pump values from info sheet
    pump_info_datasheet = nan(3,6,37,2); %[Temp,N,V_dot,p]
    
    pump_info_datasheet(1,1,1:15,:) = [0 40.91232419033247;... % [20°C,2000rpm,V_dot,p]
                13.06818181818182 40.89992994557309
                31.250000000000007 40.88268577895133
                49.43181818181819 41.19739181979844
                66.47727272727273 40.84927520612166
                82.38636363636363 40.170286145389866
                100.56818181818181 38.82524114889259
                115.34090909090908 37.4834294336369
                128.97727272727275 36.142695478795076
                141.47727272727275 33.475238454491546
                156.25 29.80977528695371
                167.61363636363637 26.147545400657464
                180.11363636363637 22.15228754647842
                192.61363636363637 17.825079484830525
                206.8181818181818 12.16845395268632];
    pump_info_datasheet(1,2,1:18,:) = [0 63.48493829821629;... % [20°C,2500rpm,V_dot,p]
                15.340909090909093 64.13428894756694
                30.113636363636367 64.12027806218677
                49.43181818181819 63.77000592768229
                66.47727272727273 63.42188931400548
                83.52272727272728 63.40572290779758
                99.43181818181819 62.72673384706579
                120.45454545454545 61.047044242065
                142.61363636363637 58.70237646171256
                158.5227272727273 56.363636363636346
                172.15909090909093 53.03120116398125
                187.5 49.69714932370533
                200 45.701891469526316
                213.0681818181818 41.04219432020261
                225 35.387724308886135
                239.20454545454544 28.735248154335295
                249.4318181818182 24.07824540604625
                260.79545454545456 18.756264482405584];
    pump_info_datasheet(1,3,1:25,:) = [0 91.70124481327801;... % [20°C,3000rpm,V_dot,p]
                14.204545454545453 92.0191841353667
                26.136363636363633 92.33981785849006
                39.20454545454545 92.32742361373067
                50 92.64913509726787
                62.5 92.63727973271541
                76.13636363636364 92.29239640028023
                90.3409090909091 91.61502398016921
                101.13636363636364 91.60478525623755
                114.20454545454545 91.26044080400926
                127.27272727272727 89.92024572937436
                143.75 88.57681737349786
                163.63636363636363 85.9023549065043
                178.97727272727275 83.56415368863502
                197.15909090909088 80.22740744732445
                213.63636363636363 75.23252680929028
                228.40909090909093 70.5712130193458
                240.90909090909093 65.91205475022903
                252.84090909090912 61.58538556878807
                261.3636363636364 56.59804925365091
                271.0227272727273 51.60963517809992
                281.25 45.95678180740421
                295.45454545454544 37.64455461550898
                303.97727272727275 32.325268092902945
                314.20454545454544 26.008514307269508];
    pump_info_datasheet(1,4,1:31,:) =[0 125.22767688742792;... % [20°C,3500rpm,V_dot,p]
                11.93181818181818 125.21636040308239
                24.43181818181818 125.20450503852993
                38.06818181818181 125.5235221210325
                49.43181818181819 125.51274451689389
                61.36363636363636 125.83337824001724
                75.56818181818181 125.819906234844
                89.20454545454547 125.4750229024088
                99.43181818181819 125.46532305868406
                110.79545454545455 125.12259524707657
                126.13636363636364 124.44414506655171
                140.34090909090907 123.4348224389718
                152.84090909090912 122.09516624454383
                168.1818181818182 120.42086544161234
                181.8181818181818 118.7481812793016
                199.4318181818182 115.411973918198
                211.9318181818182 113.74036751630113
                223.86363636363637 110.74149916473569
                232.9545454545455 107.413375006736
                249.4318181818182 102.08654416123296
                261.9318181818182 97.42738589211618
                273.8636363636364 92.1048660882686
                282.9545454545455 88.44479172280002
                294.8863636363636 83.12227191895244
                302.8409090909091 78.13547448402221
                309.65909090909093 73.81365522444361
                320.45454545454544 66.5005119361966
                330.1136363636364 59.85234682330119
                340.3409090909091 52.87169262272997
                349.43181818181824 45.892116182572636
                364.7727272727273 35.25515977798136];
    pump_info_datasheet(1,5,1:29,:) = [0 163.4019507463491;...% [20°C,4000rpm,V_dot,p]
                13.06818181818182 163.38955650158968
                30.68181818181818 163.70480142264375
                49.43181818181819 163.35506816834618
                65.34090909090908 163.33997952255214
                85.79545454545453 163.32057983510265
                100 163.97100824486716
                115.34090909090908 162.96060785687342
                133.52272727272725 162.2794632753139
                148.86363636363637 161.60101309478904
                167.61363636363637 160.25542921808483
                188.0681818181818 157.24847766341543
                200 155.5774101417255
                217.61363636363637 152.90510319555963
                233.52272727272725 149.57051247507678
                250.5681818181818 145.57094357924234
                264.77272727272725 141.24211887697368
                280.1136363636364 135.58441558441558
                291.47727272727275 130.5943848682438
                305.1136363636364 124.27439780136876
                315.90909090909093 118.62100555046614
                328.40909090909093 111.6381958290672
                342.6136363636364 102.99401842970309
                355.11363636363643 93.68755725602199
                368.75000000000006 84.04806811445818
                375 76.7392358678666
                389.7727272727273 65.10696772107562
                403.40909090909093 52.47992671229187
                412.50000000000006 44.504499649727876];
    pump_info_datasheet(1,6,1:29,:) = [0 179.99946111979307;...% [20°C,4200rpm,V_dot,p]
