% -------------------------------------------------------------------
%  Generated by MATLAB on 8-Nov-2023 15:38:16
%  MATLAB version: 9.14.0.2286388 (R2023a) Update 3
% -------------------------------------------------------------------
                                                       

Fischer_EMTC120K_beta_TLU = [0 0.1 0.2 0.3 0.4 0.5 0.6 0.7 0.8 0.9 1];

Fischer_EMTC120K_eta_TLU = ...
  [0.6 0.625 0.63 0.6606 0.69 0.7 0.69 0.675 0.65 0.64 0.62;
   0.65 0.7 0.725 0.75 0.77 0.7594 0.7483 0.7263 0.7 0.65 0.61;
   0.7344 0.7745 0.8 0.8 0.79 0.78 0.775 0.7 0.675 0.625 0.6;
   0.7453 0.7843 0.8 0.795 0.787 0.775 0.75 0.67 0.65 0.6 0.59;
   0.7332 0.7778 0.78 0.775 0.75 0.725 0.7 0.65 0.625 0.59 0.58;
   0.6984 0.7598 0.7785 0.7669 0.78 0.7 0.65 0.64 0.625 0.58 0.575];

Fischer_EMTC120K_mdot_TLU = ...
  [14.392548271368 17.9617658321369 22.4235774609652 27.7772106835404 33.1310370246938 ...
   38.4850564844252 44.2218369659857 48.8112999749498 52.5089413901668 ...
   56.7158364958799 60.0309100078461;
   21.5176582110157 27.6364272400927 34.647597218651 41.7862254587669 48.0328389865578 ...
   54.4071038944844 62.5665569385298 72.3841260942926 78.6318983335521 ...
   86.7927032076444 92.5308355192517;
   31.9501169195048 41.7651755337521 51.1982456004829 61.9072501128364 ...
   71.3418651281921 83.3273834419027 95.185829731212 106.025961758107 113.295910631343 ...
   118.271417677964 121.971762753275;
   46.4533221361342 59.9640909798174 69.907766567091 82.9115991432156 96.3001239269504 ...
   107.52243761994 118.873947641691 129.460901212674 135.840187203632 141.839608951432 ...
   146.313393932104;
   59.5635630488016 69.7613826848779 80.0866605825118 92.7088908482761 ...
   105.588161941515 116.683210491525 127.524694348468 137.218088258501 ...
   145.003663735311 149.606451926165 153.70539374671;
   74.8386632221669 85.545350311583 93.1945840722418 99.9519962391536 108.877743801169 ...
   117.421695934247 127.625116009089 138.340879671676 147.528109788463 ...
   156.085966459165 158.165660426913];

Fischer_EMTC120K_omega_TLU = [40000 60000 80000 100000 110000 120000];

Fischer_EMTC120K_pr_TLU = ...
  [1.16035683899097 1.15423442829728 1.14203595536864 1.13588264570245 ...
   1.12669902966191 1.11448510724702 1.09620395087505 1.0809729645026 1.0596968148677 ...
   1.04750275607799 1.02926353402584;
   1.35720315743358 1.3449759926019 1.32970307190963 1.3144279441479 1.29613795949807 ...
   1.27481546140442 1.24134083884089 1.18965568612824 1.15318386323232 ...
   1.09849709604835 1.05900379505594;
   1.65702250879793 1.6447313389518 1.62638617756536 1.58680680086385 1.54421918848263 ...
   1.474314677343 1.39835176052413 1.30119435564055 1.2253108933224 1.15249746462895 ...
   1.08879702575319;
   2.08101379528769 2.07774953955013 2.04727432438845 1.99856430131354 ...
   1.91348398053806 1.81935026082043 1.69794157666421 1.57351582855043 ...
   1.47340536472375 1.33390753923894 1.13383007110074;
   2.36260495994721 2.34424655614398 2.3258859452713 2.26506131790739 2.17089890628673 ...
   2.07373708726422 1.9553675377602 1.8521693837531 1.68536790192666 1.46104577572422 ...
   1.14279298019486;
   2.67446166816931 2.67124596795997 2.64384078642299 2.61039044162356 ...
   2.55266012564846 2.48584551175871 2.37960822309941 2.23396812329573 ...
   2.07320297645388 1.7882063036111 1.15483695826101];

Fischer_EMTC120K_supplier_beta_TLU = ...
  [0 0.25 0.5 0.75 1];

Fischer_EMTC120K_supplier_eta_TLU = ...
  [0.546224696 0.602950732 0.64773525 0.674491715 0.677215188;
   0.636071678 0.697316947 0.735620372 0.757669352 0.749289897;
   0.608207626 0.683521863 0.728213514 0.759348934 0.752045932;
   0.67719312 0.710375374 0.73661441 0.744911238 0.733163932;
   0.681249872 0.704051765 0.726539678 0.729644225 0.714179393];

Fischer_EMTC120K_supplier_mdot_TLU = ...
  [33.385172 50.1655574 70.20710678 87.4902972 105.3161257;
   57.11265182 86.1774137 115.3896052 144.0245462 173.9774687;
   82.35238332 122.96585 164.1479741 212.4601962 253.8636152;
   173.9183787 210.0188714 248.5213288 297.3271168 331.838427;
   230.2050798 258.8737112 306.2006934 351.0265894 382.236637];

Fischer_EMTC120K_supplier_omega_TLU = ...
  [40000 60000 80000 95000 106000];

Fischer_EMTC120K_supplier_pr_TLU = ...
  [2.452176848 2.450765612 2.432340262 2.407245766 2.37067916;
   3.067593046 3.07166407 3.033516574 2.979508356 2.880561678;
   4.01020547 4.0616557 4.034882514 3.913334934 3.706920664;
   5.11549365 5.112468546 5.028934404 4.795311086 4.552079864;
   6.10066015 6.108742034 5.966595086 5.65746258 5.305877216];

Fischer_EMTCT120K_beta_TLU = [0 0.125 0.25 0.375 0.5 0.625 0.75 0.875 1 ...
                              ];

Fischer_EMTCT120K_eta_TLU = ...
  [0.7 0.705 0.715 0.73 0.725 0.715 0.71 0.705 0.7;
   0.7 0.7 0.725 0.75 0.77 0.7594 0.7483 0.7263 0.7;
   0.7344 0.7745 0.85 0.85 0.79 0.78 0.775 0.7 0.7;
   0.7453 0.7843 0.85 0.82 0.787 0.775 0.75 0.71 0.7;
   0.7332 0.7778 0.78 0.775 0.775 0.725 0.7 0.71 0.7;
   0.75 0.7598 0.7785 0.7669 0.78 0.7 0.715 0.71 0.7;
   0.715 0.72 0.725 0.73 0.735 0.73 0.725 0.72 0.7;
   0.7 0.705 0.715 0.73 0.725 0.715 0.71 0.705 0.7];

Fischer_EMTCT120K_mdot_TLU = ...
  [27.71599658 33.19076133 35.92814371 39.86313088 43.79811805 47.21984602 ...
   49.4439692 52.01026518 53.37895637;
   34.04619333 37.8100941 41.23182207 44.65355004 49.9572284 55.94525235 ...
   60.56458512 64.67065868 70.14542344;
   42.60051326 47.90419162 53.55004277 60.05132592 67.57912746 73.56715141 ...
   79.04191617 84.00342173 88.28058169;
   52.69461078 60.05132592 67.92130026 74.9358426 81.95038494 88.62275449 ...
   94.78186484 99.9144568 107.1000855;
   66.21043627 72.19846022 78.18648417 86.05645851 94.26860565 100.0855432 ...
   107.9555175 116.1676647 127.9726262;
   82.29255774 91.53122327 99.9144568 108.8109495 117.7074423 124.893071 ...
   133.4473909 144.225834 154.6621044;
   96.15055603 104.5337896 115.9965783 124.893071 134.3028229 143.5414885 ...
   152.780154 158.7681779 179.2985458;
   111.7194183 119.5893926 128.4858854 138.5799829 147.3053892 156.3729683 ...
   165.4405475 174.8502994 182.0359281];

Fischer_EMTCT120K_omega_TLU = [40000 50000 60000 70000 80000 90000 100000 ...
                               110000];

Fischer_EMTCT120K_pr_TLU = ...
  [1.233593638 1.221582005 1.21761534 1.213697518 1.209779695 1.20584094 ...
   1.201853343 1.197879701 1.18570061;
   1.372514119 1.364511015 1.36057226 1.356633505 1.348693199 1.340780801 ...
   1.332812585 1.320745133 1.304655197;
   1.548230037 1.544368034 1.532363379 1.524471914 1.516622314 1.496475006 ...
   1.488541677 1.472430808 1.448135423;
   1.76887009 1.765091816 1.75725617 1.753463941 1.737436802 1.717317404 ...
   1.697177074 1.67699488 1.644661504;
   2.050824243 2.051068453 2.051312662 2.039398714 2.02749872 2.007344435 ...
   1.983195576 1.942747458 1.877976045;
   2.418527429 2.402590996 2.390697979 2.374747592 2.34248399 2.306072311 ...
   2.269716452 2.217138085 2.144154246;
   2.720887054 2.713072341 2.684991704 2.660884709 2.62864204 2.588235787 ...
   2.539672926 2.503212405 2.361309076;
   3.05594288 3.039950628 3.015843633 2.97955057 2.947279991 2.906866761 ...
   2.862375226 2.801584433 2.73662463];

Fischer_EMTCT120K_supplier_beta_TLU = ...
  [0 0.25 0.5 0.75 1];

Fischer_EMTCT120K_supplier_eta_TLU = ...
  [0.01 0.595951856 0.845025272 0.803485919 0.82245343;
   0.155499091 0.802299549 0.915473419 0.826583951 0.821899723;
   0.524604796 0.836124577 0.885708396 0.813481889 0.809673567;
   0.637465504 0.816311596 0.843260507 0.794880856 0.797400344;
   0.64186145 0.765421733 0.800245603 0.77763881 0.782679193];

