



HEC_c200_210_beta_TLU = [0 0.1 0.2 0.3 0.4 0.5 0.6 0.7 0.8 0.9 1];


HEC_c200_210_eta_TLU = ...
  [0.6 0.625 0.63 0.6606 0.69 0.7 0.69 0.675 0.65 0.64 0.62;
   0.65 0.7 0.725 0.75 0.77 0.7594 0.7483 0.7263 0.7 0.65 0.61;
   0.7344 0.7745 0.8 0.8 0.79 0.78 0.775 0.7 0.675 0.625 0.6;
   0.7453 0.7843 0.8 0.795 0.787 0.775 0.75 0.67 0.65 0.6 0.59;
   0.7332 0.7778 0.78 0.775 0.75 0.725 0.7 0.65 0.625 0.59 0.58;
   0.6984 0.7598 0.7785 0.7669 0.78 0.7 0.65 0.64 0.625 0.58 0.575;
   0.6 0.625 0.63 0.6606 0.69 0.7 0.69 0.675 0.65 0.64 0.62;
   0.65 0.7 0.725 0.75 0.77 0.7594 0.7483 0.7263 0.7 0.65 0.61;
   0.7344 0.7745 0.8 0.8 0.79 0.78 0.775 0.7 0.675 0.625 0.6
   0.7344 0.7745 0.8 0.8 0.79 0.78 0.775 0.7 0.675 0.625 0.6];

HEC_c200_210_pr_TLU = ...
  [1.12338820789790	1.12354566473032	1.11207318496822	1.10835108040186	1.10072317163133	1.08921570146202	1.07388115550475	1.06623575153061	1.05857285235287	1.05088371036973	1.04318582078479;
  1.24340017334524	1.23919198962535	1.23067787111195	1.22215397749118	1.20936324950636	1.18794110171977	1.17075646297515	1.14495017953614	1.13208125069240	1.11487706173306	1.09335716287284;
  1.39961616411754	1.39552528168601	1.38272477859382	1.37859479573284	1.36146880763240	1.33568207440812	1.30556985617559	1.27109305250536	1.23666512437195	1.19354712579260	1.15040957699852;
  1.60788460159921	1.59953665991098	1.59116916800803	1.57411160565913	1.55702471798815	1.51396537005298	1.46654143668011	1.41478224319164	1.35436230457931	1.28961688095874	1.23348332692521;
 1.86819571068289	1.85993574496093	1.84306390965194	1.82170041250953	1.78728225948348	1.72696984705215	1.66659878397664	1.59752787534783	1.52409238128132	1.44200591719832	1.32961173273553;
 2.19363347257431	2.18542238238917	2.17289558230315	2.13433767130876	2.06543293950512	1.97046777147102	1.89707137783397	1.80204755915569	1.71996109507269	1.59033339632847	1.45188855074258;
  2.59715479208347	2.59340603840965	2.56808851033880	2.49063055959231	2.36542609692996	2.27474731347466	2.17111162520935	2.03711934102743	1.93335657636640	1.78196460107787	1.60880834924504;
 3.09177522466455	3.09667744100723	3.08861297743254	3.03722523802386	2.92941069136076	2.77816534268268	2.62691999400460	2.45830427954200	2.29388697369193	2.04284266638862	1.77441821819343;
 3.57342897732827	3.56549159014930	3.55749555232615	3.51926021987475	3.38549276316218	3.19956533355925	2.97458146248640	2.75386442577761	2.50269304207858	2.25149233305746	1.94377684081563;
 3.88578275801396	3.88646701552939	3.87859805410196	3.84023564525484	3.72382877921942	3.49029168920372	3.27400766368417	3.00996735114141	2.67643580035321	2.42084118057230	2.01778906621658];


EC_c200_210_omega_TLU = [30000 40000 50000 60000 70000 80000 90000 100000 110000 120000];



HEC_c200_210_mdot_TLU = ...
  [9.27708118402787	12.9090854518323	16.7428677345147	20.3748720023191	23.4015422254894	26.4282124486597	30.6655507610982	33.2886649545125	35.5082231181707	37.1224472371949	38.5348933413410;
   14.6561443066517	17.5873731679820	21.1950394588501	24.5772266065389	29.5377677564826	35.4002254791432	39.0078917700113	43.7429537767757	46.8996617812853	50.0563697857949	53.6640360766629;
  18.0383314543405	23.6753100338219	28.4103720405863	33.1454340473506	38.1059751972943	43.2919954904171	48.7034949267193	53.4385569334837	59.3010146561443	64.7125140924465	69.6730552423901;
   22.0969560315671	29.5377677564825	36.5276211950395	43.0665163472379	48.9289740698985	55.6933483652762	61.7812852311161	67.8692220969561	74.1826381059752	80.7215332581737	85.9075535512965;
   26.6065388951522	36.0766629086810	46.8996617812852	54.1149943630215	60.2029312288614	68.9966178128523	76.4374295377678	83.2018038331455	89.2897406989854	95.8286358511838	103.269447576099;
   33.3709131905299	43.9684329199549	55.0169109357385	65.6144306651635	76.2119503945885	85.6820744081173	92.6719278466742	100.789177001127	107.328072153326	117.249154453213	123.788049605411;
  41.2626832018039	54.7914317925592	70.8004509582864	84.1037204058625	96.0541149943631	104.396843291996	113.866967305524	123.111612175874	129.650507328072	137.542277339346	143.404735062007;
   50.5073280721534	63.5851183765502	77.5648252536641	92.2209695603157	105.298759864713	116.572717023675	127.846674182638	138.444193912063	145.885005636979	155.129650507328	163.472378804961;
   60.6538895152199	77.5648252536641	93.1228861330327	111.161217587373	125.591882750846	136.865839909808	147.237880496054	156.031567080045	162.344983089064	167.981961668546	170.011273957159;
  65.6144306651635	81.3979706877114	99.8872604284104	114.994363021421	129.875986471251	142.953776775648	154.002254791432	163.472378804961	170.011273957159	174.295377677565	177.226606538895];



VSEC15_c220_omega_TLU = [30000 40000 50000 60000 70000 80000 90000 100000 110000 115000];

VSEC15_c220_pr_TLU = ...
  [1.05200000000000	1.05800000000000	1.06400000000000	1.07100000000000	1.08400000000000	1.08600000000000	1.08800000000000;
1.10200000000000	1.11400000000000	1.12500000000000	1.13900000000000	1.16200000000000	1.16700000000000	1.16900000000000;
1.17100000000000	1.19000000000000	1.20800000000000	1.23200000000000	1.27200000000000	1.27700000000000	1.28000000000000;
1.25400000000000	1.29000000000000	1.32100000000000	1.35700000000000	1.41800000000000	1.42700000000000	1.42900000000000;
1.35000000000000	1.36000000000000	1.41700000000000	1.46000000000000	1.50600000000000	1.61400000000000	1.59500000000000;
1.45290000000000	1.49290000000000	1.57050000000000	1.62690000000000	1.69730000000000	1.83690000000000	1.82130000000000;
1.61700000000000	1.64700000000000	1.64700000000000	1.76100000000000	1.93890000000000	2.11940000000000	2.11010000000000;
1.80570000000000	1.82570000000000	1.97740000000000	2.09920000000000	2.22390000000000	2.47280000000000	2.45120000000000;
1.92770000000000	1.96770000000000	1.98770000000000	2.17240000000000	2.53650000000000	2.90130000000000	2.84160000000000;
2.07340000000000	2.27340000000000	2.46330000000000	2.68690000000000	2.90260000000000	3.07000000000000	3.03700000000000];



VSEC15_c220_eta_TLU = ...
  [0.24	0.35	0.41	0.42	0.40	0.38	0.34;		
  0.34	0.47	0.53	0.53	0.50	0.47	0.43;		
  0.42	0.54	0.61	0.60	0.56	0.52	0.47;		
  0.56	0.58	0.66	0.64	0.59	0.55	0.50;	
  0.60	0.68	0.66	0.62	0.57	0.51	0.51;	
  0.64	0.71	0.68	0.63	0.58	0.51	0.51;	
  0.65	0.71	0.68	0.59	0.52	0.52	0.52;
  0.67	0.72	0.67	0.63	0.58	0.51	0.51;		
  0.70	0.71	0.66	0.56	0.49	0.49	0.49;
  0.70	0.71	0.69	0.65	0.59	0.54    0.54];

VSEC15_c220_mdot_TLU = ...
  [52.3220000000000	49.3800000000000	45.5400000000000	41.6980000000000	28.8270000000000	20.4950000000000	11.3350000000000;
72.2890000000000	67.6320000000000	63.7710000000000	57.9130000000000	40.5200000000000	29.0330000000000	17.5420000000000;
92.0180000000000	87.1110000000000	81.8550000000000	75.8950000000000	53.2870000000000	37.8100000000000	25.1500000000000;
113.679000000000	107.755000000000	101.975000000000	93.5460000000000	66.7290000000000	47.1100000000000	40.1310000000000;
138.079000000000	135.078000000000	129.382000000000	122.487000000000	112.902000000000	80.2680000000000	53.4190000000000;
161.206000000000	159.205000000000	152.021000000000	143.715000000000	133.645000000000	97.0650000000000	69.5140000000000;
185.029000000000	183.028000000000	181.028000000000	175.176000000000	155.433000000000	114.540000000000	83.2980000000000;
204.764000000000	202.763000000000	198.811000000000	192.482000000000	180.249000000000	134.721000000000	105.864000000000;
223.343000000000	221.342000000000	221.342000000000	218.615000000000	204.432000000000	156.013000000000	141.853000000000;
228.832000000000	226.831000000000	223.084000000000	220.389000000000	206.726000000000	166.850000000000	155.170000000000];




